-13.78088 0.4250918 0.2768172 0.3951429 2.489077 0.9698912 1.038542 2.066034 0.358857 0.1498296 0.3953359 0.5365165 1.124032 0.2537003 1.177648 4.727169 2.139495 0.1807165 0.2189584 2.547863
0.4250918 -15.79063 0.7518759 0.1239536 0.5345495 2.8079 0.363969 0.3901909 2.426594 0.1269906 0.3018471 6.326049 0.4841316 0.05272185 0.3325321 0.8581486 0.5789854 0.5936053 0.3144391 0.1708865
0.2768172 0.7518759 -28.27879 5.076135 0.5287665 1.695747 0.5417105 1.437641 4.509225 0.1915025 0.0684268 2.145072 0.3710029 0.08952475 0.1617865 4.008347 2.000673 0.04537587 0.6120233 0.08368776
0.3951429 0.1239536 5.076135 -16.27247 0.06255582 0.5233845 5.243855 0.8449236 0.9271114 0.01068997 0.01507596 0.2829582 0.02554793 0.01741595 0.3944549 1.240271 0.4258588 0.02988991 0.1351066 0.03796689
2.489077 0.5345495 0.5287665 0.06255582 -67.08036 0.08480776 0.00349899 0.5692634 0.6405412 0.3206261 0.5940053 0.01326596 0.8936775 1.105248 0.07538179 2.78447 1.143477 0.6701261 1.165529 1.959285
0.9698912 2.8079 1.695747 0.5233845 0.08480776 -30.65057 4.128579 0.2679582 4.813491 0.07285379 0.5824553 3.234285 1.672564 0.0358549 0.6242922 1.223825 1.080133 0.2361983 0.2573353 0.2103314
1.038542 0.363969 0.5417105 5.243855 0.00349899 4.128579 -11.76966 0.348846 0.4238798 0.04426487 0.0696728 1.807172 0.1737345 0.01881095 0.4194078 0.6119713 0.6045433 0.07785178 0.1200367 0.2450333
2.066034 0.3901909 1.437641 0.8449236 0.5692634 0.2679582 0.348846 -8.79265 0.3114831 0.008704975 0.04426087 0.2966352 0.1395376 0.08958575 0.1969604 1.739985 0.1298356 0.2684902 0.05467884 0.07670078
0.358857 2.426594 4.509225 0.9271114 0.6405412 4.813491 0.4238798 0.3114831 -48.90375 0.1088817 0.3663160 0.697262 0.4424707 0.682137 0.5088496 0.9900092 0.5842603 0.5970523 5.306819 0.1190127
0.1498296 0.1269906 0.1915025 0.01068997 0.3206261 0.07285379 0.04426487 0.008704975 0.1088817 -22.7649 4.145055 0.1590685 4.273595 1.112724 0.07828078 0.06410482 1.033736 0.1116597 0.2325223 10.64908
0.3953359 0.3018471 0.0684268 0.01507596 0.5940053 0.5824553 0.0696728 0.04426087 0.3663160 4.145055 -8.011153 0.1374996 6.31234 2.592685 0.2490593 0.1822865 0.3029351 0.6196302 0.2996471 1.70274
0.5365165 6.326049 2.145072 0.2829582 0.01326596 3.234285 1.807172 0.2966352 0.697262 0.1590685 0.1374996 -15.11519 0.6566021 0.02391793 0.3903209 0.7486809 1.136860 0.04990586 0.1319316 0.1852015
1.124032 0.4841316 0.3710029 0.02554793 0.8936775 1.672564 0.1737345 0.1395376 0.4424707 4.273595 6.31234 0.6566021 -67.18474 1.798848 0.09984872 0.346959 2.020360 0.696173 0.4813046 1.898713
0.2537003 0.05272185 0.08952475 0.01741595 1.105248 0.0358549 0.01881095 0.08958575 0.682137 1.112724 2.592685 0.02391793 1.798848 -19.16259 0.09446373 0.361818 0.1650005 2.457114 7.80388 0.6546811
1.177648 0.3325321 0.1617865 0.3944549 0.07538179 0.6242922 0.4194078 0.1969604 0.5088496 0.07828078 0.2490593 0.3903209 0.09984872 0.09446373 -9.460646 1.338128 0.5714664 0.09513073 0.08961274 0.2965002
4.727169 0.8581486 4.008347 1.240271 2.78447 1.223825 0.6119713 1.739985 0.9900092 0.06410482 0.1822865 0.7486809 0.346959 0.361818 1.338128 -23.34141 6.47226 0.2488613 0.4005459 0.09836872
2.139495 0.5789854 2.000673 0.4258588 1.143477 1.080133 0.6045433 0.1298356 0.5842603 1.033736 0.3029351 1.136860 2.020360 0.1650005 0.5714664 6.47226 -23.16595 0.1408246 0.2458403 2.188152
0.1807165 0.5936053 0.04537587 0.02988991 0.6701261 0.2361983 0.07785178 0.2684902 0.5970523 0.1116597 0.6196302 0.04990586 0.696173 2.457114 0.09513073 0.2488613 0.1408246 -36.69425 3.151806 0.1895095
0.2189584 0.3144391 0.6120233 0.1351066 1.165529 0.2573353 0.1200367 0.05467884 5.306819 0.2325223 0.2996471 0.1319316 0.4813046 7.80388 0.08961274 0.4005459 0.2458403 3.151806 -20.91497 0.2493123
2.547863 0.1708865 0.08368776 0.03796689 1.959285 0.2103314 0.2450333 0.07670078 0.1190127 10.64908 1.70274 0.1852015 1.898713 0.6546811 0.2965002 0.09836872 2.188152 0.1895095 0.2493123 -19.31243
0.079065 0.055941 0.041977 0.053052 0.012937 0.040767 0.071586 0.057337 0.022355 0.062157 0.099081 0.0646 0.022951 0.042302 0.04404 0.061197 0.053287 0.012066 0.034155 0.069147
