-17.54886 0.01531266 0.0988181 0.3591872 0.2044687 0.2386111 0.6965761 1.53349 0.02030634 0.1712424 0.05532958 0 0.1761678 0.2125972 1.229589 4.802583 4.925214 0 0.01790841 4.268647
0.01531266 -16.66043 0.008611508 0 1.810362 3.608646 0.002515837 0.8984827 3.573465 0.2676045 0.1928129 6.208005 0.7649459 0 0.3261207 0.6087543 0.9241681 2.220053 0.007927972 0.01841555
0.0988181 0.008611508 -28.45679 4.559955 0.3224696 0.2205676 0.1730095 0.960377 5.6584 0.4387146 0 3.294772 0.1279183 0.08801988 0 3.890769 2.361258 0 1.984593 0.1637881
0.3591872 0 4.559955 -13.66863 0.1571412 0.03018077 5.266856 1.16711 0.992909 0.1015245 0.01562791 0 0.09687186 0 0.06071243 0.2279823 0.006202037 0 0.2696838 0.2006172
0.2044687 1.810362 0.3224696 0.1571412 -90.38203 0.06017297 0 0.908581 2.014679 0.170558 0.3271477 0 0.2169931 3.567024 0.01665224 4.245851 1.032610 1.841444 11.18688 0.4269795
0.2386111 3.608646 0.2205676 0.03018077 0.06017297 -21.94173 3.103897 0.2975249 5.723513 0 0.7165521 2.582876 0.06324686 0 0.8623105 0.08821402 0.1590898 0 0.1343636 0.1078009
0.6965761 0.002515837 0.1730095 5.266856 0 3.103897 -8.777517 0.8148612 0.00966117 0 0.01826937 1.207212 0.2444053 0 0.0848125 0.0630726 0.1143303 0 0.07115955 0.2486422
1.53349 0.8984827 0.960377 1.16711 0.908581 0.2975249 0.8148612 -8.556934 0 0 0.02938747 0.1763051 0.05319263 0 0 1.174016 0.05987448 0.2693212 0 0.2128688
0.02030634 3.573465 5.6584 0.992909 2.014679 5.723513 0.00966117 0 -49.58329 0.1904251 0.5533247 0.06053084 0.2626725 0.2903346 1.467775 0.1208907 0 0 9.64722 0.0573137
0.1712424 0.2676045 0.4387146 0.1015245 0.170558 0 0 0 0.1904251 -26.69888 2.485279 0.2031554 7.26946 1.355640 0.03067995 0.2545838 3.253624 0 0.3768227 11.56581
0.05532958 0.1928129 0 0.01562791 0.3271477 0.7165521 0.01826937 0.02938747 0.5533247 2.485279 -7.124513 0.0367706 4.858165 3.838569 0.8143761 0.8529061 0.06711256 0.4018825 0.1801327 1.699370
0 6.208005 3.294772 0 0 2.582876 1.207212 0.1763051 0.06053084 0.2031554 0.0367706 -12.08549 1.067738 0 0.01179499 0.1382433 0.6725029 0 0.03533433 0.05259901
0.1761678 0.7649459 0.1279183 0.09687186 0.2169931 0.06324686 0.2444053 0.05319263 0.2626725 7.26946 4.858165 1.067738 -61.14612 0.0508986 0.02865424 0.01926124 4.669924 0.4788167 0 2.898753
0.2125972 0 0.08801988 0 3.567024 0 0 0 0.2903346 1.355640 3.838569 0 0.0508986 -24.18646 0 1.285756 0.09535869 0 10.55384 0.6556733
1.229589 0.3261207 0 0.06071243 0.01665224 0.8623105 0.0848125 0 1.467775 0.03067995 0.8143761 0.01179499 0.02865424 0 -14.33779 3.020660 0.8600081 0 0 0.07599648
4.802583 0.6087543 3.890769 0.2279823 4.245851 0.08821402 0.0630726 1.174016 0.1208907 0.2545838 0.8529061 0.1382433 0.01926124 1.285756 3.020660 -16.32985 5.176494 0.1263190 1.43351 0.07509381
4.925214 0.9241681 2.361258 0.006202037 1.032610 0.1590898 0.1143303 0.05987448 0 3.253624 0.06711256 0.6725029 4.669924 0.09535869 0.8600081 5.176494 -25.76973 0 0 0.718527
0 2.220053 0 0 1.841444 0 0 0.2693212 0 0 0.4018825 0 0.4788167 0 0 0.1263190 0 -24.65177 3.559117 0
0.01790841 0.007927972 1.984593 0.2696838 11.18688 0.1343636 0.07115955 0 9.64722 0.3768227 0.1801327 0.03533433 0 10.55384 0 1.43351 0 3.559117 -37.5961 0.00288558
4.268647 0.01841555 0.1637881 0.2006172 0.4269795 0.1078009 0.2486422 0.2128688 0.0573137 11.56581 1.699370 0.05259901 2.898753 0.6556733 0.07599648 0.07509381 0.718527 0 0.00288558 -19.57557
