0.00000000000000000000000000000000000000000000000000000000000000000000000000000000 0.00001741001843230437294129248071428150979045312851667404174804687500000000000000 0.00001741001843230437294129248071428150979045312851667404174804687500000000000000 0.17671022788696449934420229510578792542219161987304687500000000000000000000000000 0.03648506462056369525903676276357145980000495910644531250000000000000000000000000 0.00001741001843230437294129248071428150979045312851667404174804687500000000000000 0.39484529513473076711704834451666101813316345214843750000000000000000000000000000 0.31492267048967825804339781825547106564044952392578125000000000000000000000000000 0.00001741001843230437294129248071428150979045312851667404174804687500000000000000 0.00001741001843230437294129248071428150979045312851667404174804687500000000000000 0.00001741001843230437294129248071428150979045312851667404174804687500000000000000 0.03243603172170964749065902310576348099857568740844726562500000000000000000000000 0.05139605309743831840219030482330708764493465423583984375000000000000000000000000 0.04444598173820105135867208900890545919537544250488281250000000000000000000000000 0.23719765630992387106523722195561276748776435852050781250000000000000000000000000 0.97970249964595590430604943321668542921543121337890625000000000000000000000000000 4.16690491231892856660579127492383122444152832031250000000000000000000000000000000 0.00001741001843230437294129248071428150979045312851667404174804687500000000000000 0.00001741001843230437294129248071428150979045312851667404174804687500000000000000 2.19510153848652445063294180727098137140274047851562500000000000000000000000000000 
0.00001741001843230437294129248071428150979045312851667404174804687500000000000000 0.00000000000000000000000000000000000000000000000000000000000000000000000000000000 0.00001741001843230437294129248071428150979045312851667404174804687500000000000000 0.00001741001843230437294129248071428150979045312851667404174804687500000000000000 1.32833264859161892523786718811606988310813903808593750000000000000000000000000000 1.64472993470155448569869349739747121930122375488281250000000000000000000000000000 0.00001741001843230437294129248071428150979045312851667404174804687500000000000000 0.65204471434300137477890757509157992899417877197265625000000000000000000000000000 2.03992176688563287001443313783966004848480224609375000000000000000000000000000000 0.22762619036076822687242326992418384179472923278808593750000000000000000000000000 0.18034187288074440824736655031301779672503471374511718750000000000000000000000000 3.36381522693390211387054478109348565340042114257812500000000000000000000000000000 0.09422047706975086867053903461055597290396690368652343750000000000000000000000000 0.00001741001843230437294129248071428150979045312851667404174804687500000000000000 0.09483677859701591938978992857300909236073493957519531250000000000000000000000000 0.43977679655052820395511048445769120007753372192382812500000000000000000000000000 0.40495610635015771849865018339187372475862503051757812500000000000000000000000000 0.35008637845141982181118578409950714558362960815429687500000000000000000000000000 0.00001741001843230437294129248071428150979045312851667404174804687500000000000000 0.03769395873430173710127988329077197704464197158813476562500000000000000000000000 
0.00001741001843230437294129248071428150979045312851667404174804687500000000000000 0.00001741001843230437294129248071428150979045312851667404174804687500000000000000 0.00000000000000000000000000000000000000000000000000000000000000000000000000000000 4.56578396785799078827494668075814843177795410156250000000000000000000000000000000 0.05287913079739015725921902344452973920851945877075195312500000000000000000000000 0.00001741001843230437294129248071428150979045312851667404174804687500000000000000 0.05603767179952142546417448443207831587642431259155273437500000000000000000000000 0.10895063045524806810693263514622231014072895050048828125000000000000000000000000 2.07714524890596896611327792925294488668441772460937500000000000000000000000000000 0.21510886813076554591184219589194981381297111511230468750000000000000000000000000 0.00001741001843230437294129248071428150979045312851667404174804687500000000000000 2.85063819047655186977863195352256298065185546875000000000000000000000000000000000 0.10805089318561712785626838240204961039125919342041015625000000000000000000000000 0.05377848189493129871241450246088788844645023345947265625000000000000000000000000 0.00001741001843230437294129248071428150979045312851667404174804687500000000000000 2.91204880483921169087579983170144259929656982421875000000000000000000000000000000 1.29349937972276540776306319457944482564926147460937500000000000000000000000000000 0.00001741001843230437294129248071428150979045312851667404174804687500000000000000 2.86952423879161067077347979648038744926452636718750000000000000000000000000000000 0.08025698717093490697216395801660837605595588684082031250000000000000000000000000 
0.17671022788696449934420229510578792542219161987304687500000000000000000000000000 0.00001741001843230437294129248071428150979045312851667404174804687500000000000000 4.56578396785799078827494668075814843177795410156250000000000000000000000000000000 0.00000000000000000000000000000000000000000000000000000000000000000000000000000000 0.07903296971134887716203820673399604856967926025390625000000000000000000000000000 0.00001741001843230437294129248071428150979045312851667404174804687500000000000000 2.68998562249003159152493935835082083940505981445312500000000000000000000000000000 1.55337846015297298407631387817673385143280029296875000000000000000000000000000000 1.03863310460060298545670320891076698899269104003906250000000000000000000000000000 0.00001741001843230437294129248071428150979045312851667404174804687500000000000000 0.01838586233885365281426338412984478054568171501159667968750000000000000000000000 0.00287816499113253141187152017721473384881392121315002441406250000000000000000000 0.00001741001843230437294129248071428150979045312851667404174804687500000000000000 0.00001741001843230437294129248071428150979045312851667404174804687500000000000000 0.00001741001843230437294129248071428150979045312851667404174804687500000000000000 0.15393161875374478109179676721396390348672866821289062500000000000000000000000000 0.00001741001843230437294129248071428150979045312851667404174804687500000000000000 0.00001741001843230437294129248071428150979045312851667404174804687500000000000000 0.64552299886946484797078937845071777701377868652343750000000000000000000000000000 0.42110106298208144215422521483560558408498764038085937500000000000000000000000000 
0.03648506462056369525903676276357145980000495910644531250000000000000000000000000 1.32833264859161892523786718811606988310813903808593750000000000000000000000000000 0.05287913079739015725921902344452973920851945877075195312500000000000000000000000 0.07903296971134887716203820673399604856967926025390625000000000000000000000000000 0.00000000000000000000000000000000000000000000000000000000000000000000000000000000 0.00001741001843230437294129248071428150979045312851667404174804687500000000000000 0.00001741001843230437294129248071428150979045312851667404174804687500000000000000 0.64176113248405808331398247901233844459056854248046875000000000000000000000000000 0.00001741001843230437294129248071428150979045312851667404174804687500000000000000 0.00001741001843230437294129248071428150979045312851667404174804687500000000000000 0.00001741001843230437294129248071428150979045312851667404174804687500000000000000 0.00001741001843230437294129248071428150979045312851667404174804687500000000000000 0.00001741001843230437294129248071428150979045312851667404174804687500000000000000 0.66801348832535012434163945727050304412841796875000000000000000000000000000000000 0.11404147503048463196950734754864242859184741973876953125000000000000000000000000 2.17687594460452382705284435360226780176162719726562500000000000000000000000000000 0.00001741001843230437294129248071428150979045312851667404174804687500000000000000 1.97070494303195764551617230608826503157615661621093750000000000000000000000000000 5.12683607759215842492039882927201688289642333984375000000000000000000000000000000 0.00001741001843230437294129248071428150979045312851667404174804687500000000000000 
0.00001741001843230437294129248071428150979045312851667404174804687500000000000000 1.64472993470155448569869349739747121930122375488281250000000000000000000000000000 0.00001741001843230437294129248071428150979045312851667404174804687500000000000000 0.00001741001843230437294129248071428150979045312851667404174804687500000000000000 0.00001741001843230437294129248071428150979045312851667404174804687500000000000000 0.00000000000000000000000000000000000000000000000000000000000000000000000000000000 1.29260985312798970525705044565256685018539428710937500000000000000000000000000000 0.02662876890623600001362092370982281863689422607421875000000000000000000000000000 5.20010896381475529182125683291815221309661865234375000000000000000000000000000000 0.00001741001843230437294129248071428150979045312851667404174804687500000000000000 0.26603030245094311245779294949898030608892440795898437500000000000000000000000000 1.33651952803154494553439235460245981812477111816406250000000000000000000000000000 0.00001741001843230437294129248071428150979045312851667404174804687500000000000000 0.00001741001843230437294129248071428150979045312851667404174804687500000000000000 0.27665850583914675109298286770354025065898895263671875000000000000000000000000000 0.02102377058134645079756630536849115742370486259460449218750000000000000000000000 0.00001741001843230437294129248071428150979045312851667404174804687500000000000000 0.00001741001843230437294129248071428150979045312851667404174804687500000000000000 0.00001741001843230437294129248071428150979045312851667404174804687500000000000000 0.01664400045132123293067927249921922339126467704772949218750000000000000000000000 
0.39484529513473076711704834451666101813316345214843750000000000000000000000000000 0.00001741001843230437294129248071428150979045312851667404174804687500000000000000 0.05603767179952142546417448443207831587642431259155273437500000000000000000000000 2.68998562249003159152493935835082083940505981445312500000000000000000000000000000 0.00001741001843230437294129248071428150979045312851667404174804687500000000000000 1.29260985312798970525705044565256685018539428710937500000000000000000000000000000 0.00000000000000000000000000000000000000000000000000000000000000000000000000000000 0.76288167846920262871179829744505695998668670654296875000000000000000000000000000 0.08542426658438290187902452998969238251447677612304687500000000000000000000000000 0.00001741001843230437294129248071428150979045312851667404174804687500000000000000 0.00327517341450840604455407856221427209675312042236328125000000000000000000000000 1.41922597438011210968511477403808385133743286132812500000000000000000000000000000 0.00001741001843230437294129248071428150979045312851667404174804687500000000000000 0.00001741001843230437294129248071428150979045312851667404174804687500000000000000 0.03807295991629006115530842180305626243352890014648437500000000000000000000000000 0.03225688744660520912432843942951876670122146606445312500000000000000000000000000 0.00986720587698637456586236993416605400852859020233154296875000000000000000000000 0.00001741001843230437294129248071428150979045312851667404174804687500000000000000 0.00001741001843230437294129248071428150979045312851667404174804687500000000000000 0.22350547593466632556591378033772343769669532775878906250000000000000000000000000 
0.31492267048967825804339781825547106564044952392578125000000000000000000000000000 0.65204471434300137477890757509157992899417877197265625000000000000000000000000000 0.10895063045524806810693263514622231014072895050048828125000000000000000000000000 1.55337846015297298407631387817673385143280029296875000000000000000000000000000000 0.64176113248405808331398247901233844459056854248046875000000000000000000000000000 0.02662876890623600001362092370982281863689422607421875000000000000000000000000000 0.76288167846920262871179829744505695998668670654296875000000000000000000000000000 0.00000000000000000000000000000000000000000000000000000000000000000000000000000000 0.00001741001843230437294129248071428150979045312851667404174804687500000000000000 0.06073827143339135398170114399363228585571050643920898437500000000000000000000000 0.03709669848005230086140926459847833029925823211669921875000000000000000000000000 0.00001741001843230437294129248071428150979045312851667404174804687500000000000000 0.00001741001843230437294129248071428150979045312851667404174804687500000000000000 0.00001741001843230437294129248071428150979045312851667404174804687500000000000000 0.00001741001843230437294129248071428150979045312851667404174804687500000000000000 0.66448751848739162628731946824700571596622467041015625000000000000000000000000000 0.02162866144924950259631479809740994824096560478210449218750000000000000000000000 0.15724328459750955278018125227390555664896965026855468750000000000000000000000000 0.00001741001843230437294129248071428150979045312851667404174804687500000000000000 0.08664862129787465061525608689407818019390106201171875000000000000000000000000000 
0.00001741001843230437294129248071428150979045312851667404174804687500000000000000 2.03992176688563287001443313783966004848480224609375000000000000000000000000000000 2.07714524890596896611327792925294488668441772460937500000000000000000000000000000 1.03863310460060298545670320891076698899269104003906250000000000000000000000000000 0.00001741001843230437294129248071428150979045312851667404174804687500000000000000 5.20010896381475529182125683291815221309661865234375000000000000000000000000000000 0.08542426658438290187902452998969238251447677612304687500000000000000000000000000 0.00001741001843230437294129248071428150979045312851667404174804687500000000000000 0.00000000000000000000000000000000000000000000000000000000000000000000000000000000 0.00001741001843230437294129248071428150979045312851667404174804687500000000000000 0.63609403637010886178870805451879277825355529785156250000000000000000000000000000 0.16173109847203145927885259425238473340868949890136718750000000000000000000000000 0.00001741001843230437294129248071428150979045312851667404174804687500000000000000 0.00001741001843230437294129248071428150979045312851667404174804687500000000000000 1.03874046099957850763928490778198465704917907714843750000000000000000000000000000 0.24254943130159037356641249516542302444577217102050781250000000000000000000000000 0.00001741001843230437294129248071428150979045312851667404174804687500000000000000 0.26304674519088822037815589283127337694168090820312500000000000000000000000000000 5.20609041773812108999663905706256628036499023437500000000000000000000000000000000 0.00001741001843230437294129248071428150979045312851667404174804687500000000000000 
0.00001741001843230437294129248071428150979045312851667404174804687500000000000000 0.22762619036076822687242326992418384179472923278808593750000000000000000000000000 0.21510886813076554591184219589194981381297111511230468750000000000000000000000000 0.00001741001843230437294129248071428150979045312851667404174804687500000000000000 0.00001741001843230437294129248071428150979045312851667404174804687500000000000000 0.00001741001843230437294129248071428150979045312851667404174804687500000000000000 0.00001741001843230437294129248071428150979045312851667404174804687500000000000000 0.06073827143339135398170114399363228585571050643920898437500000000000000000000000 0.00001741001843230437294129248071428150979045312851667404174804687500000000000000 0.00000000000000000000000000000000000000000000000000000000000000000000000000000000 1.35682224063425849180930526927113533020019531250000000000000000000000000000000000 0.12566682720458707822608346305059967562556266784667968750000000000000000000000000 3.94102526278517295565961831016466021537780761718750000000000000000000000000000000 0.66556221493562317537140415879548527300357818603515625000000000000000000000000000 0.00001741001843230437294129248071428150979045312851667404174804687500000000000000 0.30006038607716967181460177016560919582843780517578125000000000000000000000000000 2.30342479322360249582857250061351805925369262695312500000000000000000000000000000 0.00001741001843230437294129248071428150979045312851667404174804687500000000000000 0.00001741001843230437294129248071428150979045312851667404174804687500000000000000 4.77029818541404893039725720882415771484375000000000000000000000000000000000000000 
0.00001741001843230437294129248071428150979045312851667404174804687500000000000000 0.18034187288074440824736655031301779672503471374511718750000000000000000000000000 0.00001741001843230437294129248071428150979045312851667404174804687500000000000000 0.01838586233885365281426338412984478054568171501159667968750000000000000000000000 0.00001741001843230437294129248071428150979045312851667404174804687500000000000000 0.26603030245094311245779294949898030608892440795898437500000000000000000000000000 0.00327517341450840604455407856221427209675312042236328125000000000000000000000000 0.03709669848005230086140926459847833029925823211669921875000000000000000000000000 0.63609403637010886178870805451879277825355529785156250000000000000000000000000000 1.35682224063425849180930526927113533020019531250000000000000000000000000000000000 0.00000000000000000000000000000000000000000000000000000000000000000000000000000000 0.00001741001843230437294129248071428150979045312851667404174804687500000000000000 1.68017497425299811020238394121406599879264831542968750000000000000000000000000000 1.89678664333485746951168948726262897253036499023437500000000000000000000000000000 0.52450798740344206638752666549407877027988433837890625000000000000000000000000000 0.52117439557780931291830484042293392121791839599609375000000000000000000000000000 0.00001741001843230437294129248071428150979045312851667404174804687500000000000000 0.55969041186080525918100647686515003442764282226562500000000000000000000000000000 0.12986717948427306534853187258704565465450286865234375000000000000000000000000000 1.19191723051705467106842206703731790184974670410156250000000000000000000000000000 
0.03243603172170964749065902310576348099857568740844726562500000000000000000000000 3.36381522693390211387054478109348565340042114257812500000000000000000000000000000 2.85063819047655186977863195352256298065185546875000000000000000000000000000000000 0.00287816499113253141187152017721473384881392121315002441406250000000000000000000 0.00001741001843230437294129248071428150979045312851667404174804687500000000000000 1.33651952803154494553439235460245981812477111816406250000000000000000000000000000 1.41922597438011210968511477403808385133743286132812500000000000000000000000000000 0.00001741001843230437294129248071428150979045312851667404174804687500000000000000 0.16173109847203145927885259425238473340868949890136718750000000000000000000000000 0.12566682720458707822608346305059967562556266784667968750000000000000000000000000 0.00001741001843230437294129248071428150979045312851667404174804687500000000000000 0.00000000000000000000000000000000000000000000000000000000000000000000000000000000 0.33152435123586337928358602766820695251226425170898437500000000000000000000000000 0.00001741001843230437294129248071428150979045312851667404174804687500000000000000 0.00001741001843230437294129248071428150979045312851667404174804687500000000000000 0.04877688037160805845093847210591775365173816680908203125000000000000000000000000 0.64363005258109284856260501328506506979465484619140625000000000000000000000000000 0.00001741001843230437294129248071428150979045312851667404174804687500000000000000 0.00001741001843230437294129248071428150979045312851667404174804687500000000000000 0.04855980381837490811314239635976264253258705139160156250000000000000000000000000 
0.05139605309743831840219030482330708764493465423583984375000000000000000000000000 0.09422047706975086867053903461055597290396690368652343750000000000000000000000000 0.10805089318561712785626838240204961039125919342041015625000000000000000000000000 0.00001741001843230437294129248071428150979045312851667404174804687500000000000000 0.00001741001843230437294129248071428150979045312851667404174804687500000000000000 0.00001741001843230437294129248071428150979045312851667404174804687500000000000000 0.00001741001843230437294129248071428150979045312851667404174804687500000000000000 0.00001741001843230437294129248071428150979045312851667404174804687500000000000000 0.00001741001843230437294129248071428150979045312851667404174804687500000000000000 3.94102526278517295565961831016466021537780761718750000000000000000000000000000000 1.68017497425299811020238394121406599879264831542968750000000000000000000000000000 0.33152435123586337928358602766820695251226425170898437500000000000000000000000000 0.00000000000000000000000000000000000000000000000000000000000000000000000000000000 0.13703178497433055049725680873962119221687316894531250000000000000000000000000000 0.00001741001843230437294129248071428150979045312851667404174804687500000000000000 0.00001741001843230437294129248071428150979045312851667404174804687500000000000000 3.47886704692439430175454617710784077644348144531250000000000000000000000000000000 0.00001741001843230437294129248071428150979045312851667404174804687500000000000000 0.00001741001843230437294129248071428150979045312851667404174804687500000000000000 1.51969270025125635648066690919222310185432434082031250000000000000000000000000000 
0.04444598173820105135867208900890545919537544250488281250000000000000000000000000 0.00001741001843230437294129248071428150979045312851667404174804687500000000000000 0.05377848189493129871241450246088788844645023345947265625000000000000000000000000 0.00001741001843230437294129248071428150979045312851667404174804687500000000000000 0.66801348832535012434163945727050304412841796875000000000000000000000000000000000 0.00001741001843230437294129248071428150979045312851667404174804687500000000000000 0.00001741001843230437294129248071428150979045312851667404174804687500000000000000 0.00001741001843230437294129248071428150979045312851667404174804687500000000000000 0.00001741001843230437294129248071428150979045312851667404174804687500000000000000 0.66556221493562317537140415879548527300357818603515625000000000000000000000000000 1.89678664333485746951168948726262897253036499023437500000000000000000000000000000 0.00001741001843230437294129248071428150979045312851667404174804687500000000000000 0.13703178497433055049725680873962119221687316894531250000000000000000000000000000 0.00000000000000000000000000000000000000000000000000000000000000000000000000000000 0.20358095591968372595204073149943724274635314941406250000000000000000000000000000 0.88904418844637822516574487963225692510604858398437500000000000000000000000000000 0.00001741001843230437294129248071428150979045312851667404174804687500000000000000 0.00001741001843230437294129248071428150979045312851667404174804687500000000000000 1.50390131530397908043994448235025629401206970214843750000000000000000000000000000 0.93371193124287521492021824087714776396751403808593750000000000000000000000000000 
0.23719765630992387106523722195561276748776435852050781250000000000000000000000000 0.09483677859701591938978992857300909236073493957519531250000000000000000000000000 0.00001741001843230437294129248071428150979045312851667404174804687500000000000000 0.00001741001843230437294129248071428150979045312851667404174804687500000000000000 0.11404147503048463196950734754864242859184741973876953125000000000000000000000000 0.27665850583914675109298286770354025065898895263671875000000000000000000000000000 0.03807295991629006115530842180305626243352890014648437500000000000000000000000000 0.00001741001843230437294129248071428150979045312851667404174804687500000000000000 1.03874046099957850763928490778198465704917907714843750000000000000000000000000000 0.00001741001843230437294129248071428150979045312851667404174804687500000000000000 0.52450798740344206638752666549407877027988433837890625000000000000000000000000000 0.00001741001843230437294129248071428150979045312851667404174804687500000000000000 0.00001741001843230437294129248071428150979045312851667404174804687500000000000000 0.20358095591968372595204073149943724274635314941406250000000000000000000000000000 0.00000000000000000000000000000000000000000000000000000000000000000000000000000000 1.14492525358288221859481836872873827815055847167968750000000000000000000000000000 0.00001741001843230437294129248071428150979045312851667404174804687500000000000000 0.00001741001843230437294129248071428150979045312851667404174804687500000000000000 0.00001741001843230437294129248071428150979045312851667404174804687500000000000000 0.02130370932067687100852637627212970983237028121948242187500000000000000000000000 
0.97970249964595590430604943321668542921543121337890625000000000000000000000000000 0.43977679655052820395511048445769120007753372192382812500000000000000000000000000 2.91204880483921169087579983170144259929656982421875000000000000000000000000000000 0.15393161875374478109179676721396390348672866821289062500000000000000000000000000 2.17687594460452382705284435360226780176162719726562500000000000000000000000000000 0.02102377058134645079756630536849115742370486259460449218750000000000000000000000 0.03225688744660520912432843942951876670122146606445312500000000000000000000000000 0.66448751848739162628731946824700571596622467041015625000000000000000000000000000 0.24254943130159037356641249516542302444577217102050781250000000000000000000000000 0.30006038607716967181460177016560919582843780517578125000000000000000000000000000 0.52117439557780931291830484042293392121791839599609375000000000000000000000000000 0.04877688037160805845093847210591775365173816680908203125000000000000000000000000 0.00001741001843230437294129248071428150979045312851667404174804687500000000000000 0.88904418844637822516574487963225692510604858398437500000000000000000000000000000 1.14492525358288221859481836872873827815055847167968750000000000000000000000000000 0.00000000000000000000000000000000000000000000000000000000000000000000000000000000 2.69236920208517949149040759948547929525375366210937500000000000000000000000000000 0.20100013282117207280563775384507607668638229370117187500000000000000000000000000 0.71525172845250772901692926097894087433815002441406250000000000000000000000000000 0.11586143518181260536614729517168598249554634094238281250000000000000000000000000 
4.16690491231892856660579127492383122444152832031250000000000000000000000000000000 0.40495610635015771849865018339187372475862503051757812500000000000000000000000000 1.29349937972276540776306319457944482564926147460937500000000000000000000000000000 0.00001741001843230437294129248071428150979045312851667404174804687500000000000000 0.00001741001843230437294129248071428150979045312851667404174804687500000000000000 0.00001741001843230437294129248071428150979045312851667404174804687500000000000000 0.00986720587698637456586236993416605400852859020233154296875000000000000000000000 0.02162866144924950259631479809740994824096560478210449218750000000000000000000000 0.00001741001843230437294129248071428150979045312851667404174804687500000000000000 2.30342479322360249582857250061351805925369262695312500000000000000000000000000000 0.00001741001843230437294129248071428150979045312851667404174804687500000000000000 0.64363005258109284856260501328506506979465484619140625000000000000000000000000000 3.47886704692439430175454617710784077644348144531250000000000000000000000000000000 0.00001741001843230437294129248071428150979045312851667404174804687500000000000000 0.00001741001843230437294129248071428150979045312851667404174804687500000000000000 2.69236920208517949149040759948547929525375366210937500000000000000000000000000000 0.00000000000000000000000000000000000000000000000000000000000000000000000000000000 0.00001741001843230437294129248071428150979045312851667404174804687500000000000000 0.16325207015130760446197655255673453211784362792968750000000000000000000000000000 0.01232477513465836740924608250224991934373974800109863281250000000000000000000000 
0.00001741001843230437294129248071428150979045312851667404174804687500000000000000 0.35008637845141982181118578409950714558362960815429687500000000000000000000000000 0.00001741001843230437294129248071428150979045312851667404174804687500000000000000 0.00001741001843230437294129248071428150979045312851667404174804687500000000000000 1.97070494303195764551617230608826503157615661621093750000000000000000000000000000 0.00001741001843230437294129248071428150979045312851667404174804687500000000000000 0.00001741001843230437294129248071428150979045312851667404174804687500000000000000 0.15724328459750955278018125227390555664896965026855468750000000000000000000000000 0.26304674519088822037815589283127337694168090820312500000000000000000000000000000 0.00001741001843230437294129248071428150979045312851667404174804687500000000000000 0.55969041186080525918100647686515003442764282226562500000000000000000000000000000 0.00001741001843230437294129248071428150979045312851667404174804687500000000000000 0.00001741001843230437294129248071428150979045312851667404174804687500000000000000 0.00001741001843230437294129248071428150979045312851667404174804687500000000000000 0.00001741001843230437294129248071428150979045312851667404174804687500000000000000 0.20100013282117207280563775384507607668638229370117187500000000000000000000000000 0.00001741001843230437294129248071428150979045312851667404174804687500000000000000 0.00000000000000000000000000000000000000000000000000000000000000000000000000000000 0.00001741001843230437294129248071428150979045312851667404174804687500000000000000 0.00001741001843230437294129248071428150979045312851667404174804687500000000000000 
0.00001741001843230437294129248071428150979045312851667404174804687500000000000000 0.00001741001843230437294129248071428150979045312851667404174804687500000000000000 2.86952423879161067077347979648038744926452636718750000000000000000000000000000000 0.64552299886946484797078937845071777701377868652343750000000000000000000000000000 5.12683607759215842492039882927201688289642333984375000000000000000000000000000000 0.00001741001843230437294129248071428150979045312851667404174804687500000000000000 0.00001741001843230437294129248071428150979045312851667404174804687500000000000000 0.00001741001843230437294129248071428150979045312851667404174804687500000000000000 5.20609041773812108999663905706256628036499023437500000000000000000000000000000000 0.00001741001843230437294129248071428150979045312851667404174804687500000000000000 0.12986717948427306534853187258704565465450286865234375000000000000000000000000000 0.00001741001843230437294129248071428150979045312851667404174804687500000000000000 0.00001741001843230437294129248071428150979045312851667404174804687500000000000000 1.50390131530397908043994448235025629401206970214843750000000000000000000000000000 0.00001741001843230437294129248071428150979045312851667404174804687500000000000000 0.71525172845250772901692926097894087433815002441406250000000000000000000000000000 0.16325207015130760446197655255673453211784362792968750000000000000000000000000000 0.00001741001843230437294129248071428150979045312851667404174804687500000000000000 0.00000000000000000000000000000000000000000000000000000000000000000000000000000000 1.00000000000000000000000000000000000000000000000000000000000000000000000000000000 
2.19510153848652445063294180727098137140274047851562500000000000000000000000000000 0.03769395873430173710127988329077197704464197158813476562500000000000000000000000 0.08025698717093490697216395801660837605595588684082031250000000000000000000000000 0.42110106298208144215422521483560558408498764038085937500000000000000000000000000 0.00001741001843230437294129248071428150979045312851667404174804687500000000000000 0.01664400045132123293067927249921922339126467704772949218750000000000000000000000 0.22350547593466632556591378033772343769669532775878906250000000000000000000000000 0.08664862129787465061525608689407818019390106201171875000000000000000000000000000 0.00001741001843230437294129248071428150979045312851667404174804687500000000000000 4.77029818541404893039725720882415771484375000000000000000000000000000000000000000 1.19191723051705467106842206703731790184974670410156250000000000000000000000000000 0.04855980381837490811314239635976264253258705139160156250000000000000000000000000 1.51969270025125635648066690919222310185432434082031250000000000000000000000000000 0.93371193124287521492021824087714776396751403808593750000000000000000000000000000 0.02130370932067687100852637627212970983237028121948242187500000000000000000000000 0.11586143518181260536614729517168598249554634094238281250000000000000000000000000 0.01232477513465836740924608250224991934373974800109863281250000000000000000000000 0.00001741001843230437294129248071428150979045312851667404174804687500000000000000 1.00000000000000000000000000000000000000000000000000000000000000000000000000000000 0.00000000000000000000000000000000000000000000000000000000000000000000000000000000 
0.06344253302516510151232154157696641050279140472412109375000000000000000000000000 0.05505247160597172284557387911263504065573215484619140625000000000000000000000000 0.04142873843332981614873133935361693147569894790649414062500000000000000000000000 0.05240865803980080533941432463507226202636957168579101562500000000000000000000000 0.02635720259349157504336069735018099891021847724914550781250000000000000000000000 0.04684226144978773098692670373566215857863426208496093750000000000000000000000000 0.07105024145029043003418678381422068923711776733398437500000000000000000000000000 0.06247133620493530714590235675132134929299354553222656250000000000000000000000000 0.01582691114453766909053733513701445190235972404479980468750000000000000000000000 0.06363137685132715104519007809358299709856510162353515625000000000000000000000000 0.09876532107939037241628454921738011762499809265136718750000000000000000000000000 0.05655422965206610003141562970085942652076482772827148437500000000000000000000000 0.03198654712555620838188019661174621433019638061523437500000000000000000000000000 0.03644685844808108476922114959961618296802043914794921875000000000000000000000000 0.03403685152381216716399592314701294526457786560058593750000000000000000000000000 0.08562718631685896364391652468839311040937900543212890625000000000000000000000000 0.04431535120456228660223985116317635402083396911621093750000000000000000000000000 0.01320108270466040061019707962941538426093757152557373046875000000000000000000000 0.01820994037935520087900798102964472491294145584106445312500000000000000000000000 0.08234490076701969640815548245882382616400718688964843750000000000000000000000000 
